4170635
4153440
3915423
4173005
4194896
3927741
4179591
4126447
3881537
4176907
3741542
3622369
3770843
3438027
3426889
3387877
3739117
3566137
3712617
3798555
8882417
8327365
8317426
8389196
8275395
8146406
8111286
8085960
8088551
8198230
8444657
7904456
7854710
8485451
7817329
8258468
7740126
7786011
7751997
7816044
26432021
25038365
25230020
25206241
25203563
24900876
24810195
24834212
24695482
24682197
19980474
18763187
18698718
19985839
18794032
18585559
18529134
18541749
18601881
18808344
