0 0 254.7299 253.7566 254.7764
1 0 243.2975 243.2195 243.3732
2 0 145.8368 145.6492 148.929
3 0 61.30273 57.49214 95.06207
4 0 217.5519 217.5306 217.5756
5 0 48.79509 47.86348 48.99374
6 0 95.48992 95.38665 103.6432
7 0 41.43599 19.72261 42.7143
8 0 102.886 102.7903 103.0063
9 0 25.30006 23.68808 26.22049
10 0 234.898 234.2017 235.4242
11 0 132.3168 120.6213 133.8362
12 0 218.1645 198.3145 218.2769
13 0 77.92474 77.4895 82.03346
14 0 104.32 87.76277 113.5596
15 0 39.02596 36.92945 39.11465
16 0 15.72944 7.63061 30.41281
17 0 119.7248 115.7893 132.6044
18 0 266.3987 246.9922 267.1241
19 0 140.6382 138.8977 147.0598
20 0 231.7863 231.6826 231.8946
21 0 208.8467 208.6178 209.0712
22 0 98.47755 98.46048 98.49147
23 0 116.5417 116.4735 116.635
24 0 206.8364 206.4146 207.0402
25 0 32.24596 32.18706 33.60446
26 0 294.9361 293.8759 295.3474
27 0 139.4138 138.8453 140.0138
28 0 129.8976 103.7701 130.6453
29 0 25.86837 15.71636 25.91334
0 1 324.2942 307.283 324.9992
1 1 189.0823 188.9895 189.2128
2 1 187.2706 186.892 187.3138
3 1 11.512 11.01947 33.7882
4 1 165.2555 165.2445 165.2662
5 1 93.831 88.71594 94.08127
6 1 152.9454 151.2314 153.1051
7 1 66.3996 62.57258 67.20864
8 1 157.8777 157.8593 157.9024
9 1 66.24635 58.6461 66.7141
10 1 235.5873 234.5794 245.1213
11 1 171.8834 171.8726 171.896
12 1 118.0585 118.0032 118.1453
13 1 86.80901 86.5502 87.00558
14 1 162.8151 149.6755 162.9314
15 1 92.43614 91.68324 108.9193
16 1 88.69437 78.94197 88.89699
17 1 180.3194 180.2597 180.3782
18 1 238.047 233.5752 314.7308
19 1 204.7712 201.8075 211.404
20 1 288.444 287.5055 290.5168
21 1 148.9921 148.7381 149.3135
22 1 190.4909 190.4123 190.5395
23 1 159.0452 158.834 159.3428
24 1 153.094 149.5703 153.1455
25 1 49.18174 43.86294 49.25851
26 1 250.1618 249.9578 255.8754
27 1 188.9221 188.8852 188.9573
28 1 165.1002 153.4233 170.8781
29 1 81.12301 69.36994 81.94408
0 2 170.7036 170.6491 170.7744
1 2 374.275 373.4867 374.5951
2 2 230.905 230.0359 231.2946
3 2 155.3579 152.0504 182.4594
4 2 247.6259 246.899 252.5188
5 2 135.2938 135.1017 135.5035
6 2 20.70598 20.69227 20.71249
7 2 106.2902 102.1412 125.2909
8 2 34.13691 34.11154 34.166
9 2 121.2333 116.0675 121.3454
10 2 159.2392 158.7947 159.778
11 2 49.30698 46.5439 56.83969
12 2 221.2562 212.041 240.7911
13 2 178.9398 173.7694 185.6165
14 2 19.84339 18.38516 19.88086
15 2 115.4607 114.9165 115.7607
16 2 139.8451 101.8115 162.8318
17 2 49.13064 47.3595 49.14576
18 2 303.0629 276.4451 322.8926
19 2 64.23193 64.20593 64.26053
20 2 163.0441 162.6678 163.2162
21 2 301.5411 300.8237 302.2312
22 2 36.52312 36.51047 36.54229
23 2 28.86108 28.69206 28.94858
24 2 289.762 286.1216 289.8548
25 2 159.2497 137.8902 159.4752
26 2 233.192 232.5423 233.9532
27 2 69.57309 69.52457 69.60438
28 2 38.24771 38.09779 38.3831
29 2 97.24702 96.59635 97.97608
0 3 174.6753 174.6609 174.6938
1 3 374.4401 373.9882 374.9303
2 3 219.1035 219.0746 219.1431
3 3 152.7646 152.7511 152.7905
4 3 313.2803 313.1991 313.4637
5 3 127.8646 127.8256 127.9023
6 3 24.7045 24.65815 24.74269
7 3 100.6398 100.6358 100.6442
8 3 9.985143 9.96929 10.00121
9 3 115.0927 115.0152 115.1509
10 3 147.0418 146.6823 148.3373
11 3 20.02867 19.96509 20.14904
12 3 225.1865 224.4319 236.2023
13 3 181.6895 180.6163 182.5689
14 3 7.790509 7.783133 7.79981
15 3 98.38231 97.703 99.51033
16 3 79.78216 79.75758 79.84898
17 3 23.60384 23.59539 23.61416
18 3 270.869 270.2155 272.086
19 3 42.0587 42.03684 42.08205
20 3 123.9383 123.7947 124.0781
21 3 293.3628 293.1383 293.5367
22 3 31.63099 31.61291 31.65528
23 3 19.65792 19.51063 19.74827
24 3 258.9402 258.8727 259.0057
25 3 121.9931 121.9601 122.0249
26 3 237.5995 237.4628 237.7363
27 3 51.41188 51.17531 51.60337
28 3 37.33011 37.14292 37.42069
29 3 87.04192 86.98841 87.21542
0 4 451.7669 322.8238 452.5095
1 4 193.0885 193.0395 193.1578
2 4 371.7538 371.689 371.8309
3 4 175.0787 174.9679 192.4807
4 4 35.8905 35.18726 35.93988
5 4 265.4579 265.3322 265.5968
6 4 303.2719 303.1163 303.4504
7 4 233.854 233.8138 233.908
8 4 319.8485 319.7955 319.9183
9 4 237.2565 237.2299 237.3018
10 4 181.2929 179.6575 184.8157
11 4 345.5578 345.2775 346.2266
12 4 73.32482 73.28565 73.35938
13 4 259.2288 258.7083 259.7782
14 4 304.327 303.9921 304.7271
15 4 268.2342 268.0351 268.4376
16 4 238.1787 238.1108 238.2974
17 4 321.1486 313.4866 330.4044
18 4 55.09421 55.07275 55.11333
19 4 301.326 300.5907 302.9413
20 4 246.2792 246.055 246.4958
21 4 87.81606 87.55742 88.09767
22 4 207.7571 207.7396 207.7799
23 4 331.8026 331.5819 332.0983
24 4 59.67811 59.66673 59.69024
25 4 215.9469 215.8817 216.0357
26 4 51.3127 51.09202 51.47966
27 4 219.7953 218.4367 220.8521
28 4 313.1764 298.1409 314.1309
29 4 238.5389 238.5249 238.5561
0 5 388.7272 388.6267 388.7958
1 5 208.5042 208.4272 208.5731
2 5 259.45 259.3931 259.5698
3 5 115.1156 108.5041 129.3982
4 5 53.96916 53.93794 53.99589
5 5 191.4988 190.9216 191.9449
6 5 270.0343 260.2498 271.1236
7 5 165.0487 165.0014 165.1527
8 5 260.9902 258.6752 263.2795
9 5 153.7808 153.74 153.8194
10 5 250.4481 249.51 251.1521
11 5 276.5695 275.921 277.5919
12 5 5.541121 5.454338 5.574145
13 5 184.4739 184.0996 184.8888
14 5 259.9429 259.8893 260.0448
15 5 181.8071 181.5483 182.066
16 5 154.2049 152.6247 154.2485
17 5 281.8833 281.7818 282.3917
18 5 61.9064 61.83006 62.10337
19 5 284.7746 284.496 285.6559
20 5 198.2938 197.4574 198.856
21 5 41.03267 40.88963 41.17401
22 5 269.4881 268.9982 269.9388
23 5 271.8702 271.6023 272.1253
24 5 48.02214 47.59358 48.16642
25 5 144.9303 138.9164 150.9851
26 5 116.9582 116.3389 117.1012
27 5 300.5213 300.4084 300.6439
28 5 266.3212 257.5697 270.7224
29 5 176.968 176.9421 176.9848
0 6 460.0145 459.9737 460.0438
1 6 48.29731 48.11774 48.44345
2 6 324.5662 324.477 335.6749
3 6 174.025 173.9893 174.0584
4 6 225.9387 225.9327 225.9478
5 6 242.3725 242.2315 242.4913
6 6 306.8049 295.8122 315.8775
7 6 213.2322 213.1673 213.2989
8 6 308.2741 308.151 308.3693
9 6 226.1454 225.7457 226.4551
10 6 321.6603 321.4965 321.9225
11 6 334.6518 322.9011 336.3104
12 6 160.0716 159.8638 160.4206
13 6 235.5392 235.1598 235.8964
14 6 325.9206 325.8889 325.9424
15 6 243.9775 243.8496 244.1129
16 6 234.1832 234.1103 234.2185
17 6 328.7555 328.6849 328.8446
18 6 222.7873 222.3916 223.0081
19 6 352.824 352.6469 352.8832
20 6 265.0933 264.4486 267.5774
21 6 221.4872 221.4263 221.5465
22 6 345.6972 345.6824 345.7188
23 6 324.5155 324.3876 324.6777
24 6 278.1907 278.1472 278.2259
25 6 196.8449 193.7407 198.8867
26 6 174.7455 174.1099 175.4738
27 6 342.4235 342.3563 342.5524
28 6 315.4244 299.5122 319.0488
29 6 226.0579 221.4851 226.0935
0 7 569.9721 563.0399 577.6298
1 7 410.0544 407.2745 412.258
2 7 436.7177 435.0738 440.1482
3 7 253.6186 252.5987 256.8218
4 7 44.12815 44.05806 44.26948
5 7 325.5538 323.3522 328.1021
6 7 306.3373 305.7808 307.2149
7 7 354.7475 346.702 362.585
8 7 434.7272 428.9446 442.7752
9 7 256.7244 256.4239 257.1553
10 7 491.2356 483.1735 497.232
11 7 439.9205 438.4044 440.8943
12 7 136.7782 135.8549 137.4829
13 7 309.2982 306.3017 313.2177
14 7 362.0605 361.4774 362.4583
15 7 268.2563 266.6627 269.2202
16 7 321.2669 317.197 324.4562
17 7 414.8305 413.753 417.1289
18 7 249.9993 244.7097 252.3897
19 7 438.6095 436.3316 443.42
20 7 442.8185 441.4035 444.7834
21 7 58.1746 56.67729 60.37006
22 7 206.3611 205.8013 206.9873
23 7 283.1282 282.932 284.5157
24 7 62.5612 62.29945 62.96023
25 7 277.17 273.4111 279.9784
26 7 199.6596 190.4478 210.504
27 7 450.4774 447.8608 453.8212
28 7 205.7194 205.4247 206.2829
29 7 329.9336 325.1743 331.7484
0 8 379.5103 303.4427 397.7416
1 8 247.8414 245.3229 250.3716
2 8 328.2749 327.9179 328.5714
3 8 272.4134 268.3352 281.0591
4 8 99.46239 98.59664 100.4479
5 8 272.882 271.6332 273.6091
6 8 131.9637 131.9 132.0301
7 8 253.9138 251.2568 255.975
8 8 129.0295 128.9705 129.0821
9 8 228.2254 227.5844 229.3993
10 8 25.40841 25.36882 25.44015
11 8 134.3389 134.2754 134.4145
12 8 139.0395 137.6809 141.4103
13 8 295.1888 294.5151 296.2265
14 8 131.5507 131.1563 131.8937
15 8 278.4835 277.7891 278.8624
16 8 203.7606 203.5377 204.0136
17 8 152.9872 152.8005 153.5824
18 8 136.6072 128.618 192.2063
19 8 190.8605 190.4882 191.3371
20 8 143.3607 142.4448 144.8011
21 8 167.4467 166.8934 168.1575
22 8 135.6262 135.1445 135.9634
23 8 133.2884 133.2255 133.3604
24 8 251.3811 249.1831 251.7277
25 8 229.891 229.8312 229.9526
26 8 103.0123 102.0939 104.0394
27 8 188.3403 187.9104 188.8718
28 8 143.7272 143.3681 144.075
29 8 209.813 208.7541 210.2354
0 9 383.7415 383.6818 383.7919
1 9 377.7549 377.3503 378.0578
2 9 2.001415 1.991735 2.00972
3 9 196.035 195.8891 200.2815
4 9 322.0625 321.9202 322.1538
5 9 201.0798 201.0185 201.1427
6 9 233.7913 229.4237 242.6049
7 9 125.1953 125.1857 125.2047
8 9 248.1289 243.3159 248.2454
9 9 208.8102 208.7641 208.8514
10 9 383.4627 383.0285 383.9891
11 9 249.1358 248.6933 249.3082
12 9 271.6605 267.4781 291.1819
13 9 213.8235 212.9225 217.1354
14 9 214.7909 214.7188 214.8756
15 9 213.4626 213.3986 213.5461
16 9 127.528 127.4926 127.5479
17 9 237.6469 204.379 237.8635
18 9 357.0521 356.973 357.1492
19 9 264.7096 264.6221 264.7659
20 9 362.3256 361.4639 363.0152
21 9 337.161 336.6197 337.6179
22 9 240.39 240.2457 242.8065
23 9 229.6394 229.0975 230.2128
24 9 325.9152 325.7659 326.2679
25 9 153.4204 149.2682 153.9504
26 9 431.952 430.5225 432.8369
27 9 269.4435 269.0335 270.1657
28 9 262.7803 257.0473 278.3914
29 9 137.0965 137.0874 137.107
